A3Q1
Sequential Search
1.
23, 27, 30, 34, 41, 51, 55, 57, 60, 67, 72, 78, 83, 96
 ^ is 41? no
2.
23, 27, 30, 34, 41, 51, 55, 57, 60, 67, 72, 78, 83, 96
     ^ is 41? no
3.
23, 27, 30, 34, 41, 51, 55, 57, 60, 67, 72, 78, 83, 96
         ^ is 41? no
4.
23, 27, 30, 34, 41, 51, 55, 57, 60, 67, 72, 78, 83, 96
             ^ is 41? no
5.
23, 27, 30, 34, 41, 51, 55, 57, 60, 67, 72, 78, 83, 96
                 ^ is 41? yes
41 @ 4

Binary Search
1.
23, 27, 30, 34, 41, 51, 55, 57, 60, 67, 72, 78, 83, 96
                         ^ is > 41? yes
2.
23, 27, 30, 34, 41, 51
         ^ is > 41? no
3.
23, 27, 30, 34, 41, 51
         ^ is < 41? yes
4.
34, 41, 51
     ^ is > 41? no
5.
34, 41, 51
     ^ is < 41? no

41 @ 4

A3Q2
1.
25, 30, 20, 80, 40, 60
 ^1>^2? no
1.
25, 30, 20, 80, 40, 60
     ^1>^2? yes
1.
25, 20, 30, 80, 40, 60
         ^1>^2? no
1.
25, 20, 30, 80, 40, 60
             ^1>^2? yes
1.
25, 20, 30, 40, 80, 60
                 ^1>^2? yes
1.
25, 20, 30, 40, 60, 80
 ^1>^2? yes
1.
20, 25, 30, 40, 60, 80
     ^1>^2? no
1.
20, 25, 30, 40, 60, 80
         ^1>^2? no
1.
20, 25, 30, 40, 60, 80
             ^1>^2? no
